000000000000000000000000000000000000000000000000000000000000000000000000000000000000000000000000000000000000000000000000000000000000000000000000000000000000000000000000000000000000000000000000000000000000000000000000000000000000
000000000000000000000000000000000000000000000000000000000000000000000000000000000000000000000000000000000000000000000000000000000000000000000000000000000000000000000000000000000000000000000000000000000000000000000000000000000000
000000000000000000000000000000000000000000000000000000000000000000000000000000000000000000000000000000000000000000000000000000000000000000000000000000000000000000000000000000000000000000000000000000000000000000000000000000000000
000000000000000000000000000000000000000000000000000000000000000000000000000000000000000000000000000000000000000000000000000000000000000000000000000000000000000000000000000000000000000000000000000000000000000000000000000000000000
000000000000000000000000000000000000000000000000000000000000000000000000000000000000000000000000000000000000000000000000000000000000000000000000000000000000000000000000000000000000000000000000000000000000000000000000000000000000
000000000000000000000000000000000000000000000000000000000000000000000000000000000000000000000000000000000000000000000000000000000000000000000000000000000000000000000000000000000000000000000000000000000000000000000000000000000000
000000000000000000000000000000000000000000000000000000000000000000000000000000000000000000000000000000000000000000000000000000000000000000000000000000000000000000000000000000000000000000000000000000000000000000000000000000000000
000000000000000000000000000000000000000000000000000000000000000000000000000000000000000000000000000000000000000000000000000000000000000000000000000000000000000000000000000000000000000000000000000000000000000000000000000000000000
000000000000000000000000000000000000000000000000000000000000000000000000000000000000000000000000000000000000000000000000000000000000000000000000000000000000000000000000000000000000000000000000000000000000000000000000000000000000
000000000000000000000000000000000000000000000000000000000000000000000000000000000000000000000000000000000000000000000000000000000000000000000000000000000000000000000000000000000000000000000000000000000000000000000000000000000000
000000000000000000000000000000000000000000000000000000000000000000000000000000000000000000000000000000000000000000000000000000000000000000000000000000000000000000000000000000000000000000000000000000000000000000000000000000000000
000000000000000000000000000000000000000000000000000000000000000000000000000000000000000000000000000000000000000000000000000000000000000000000000000000000000000000000000000000000000000000000000000000000000000000000000000000000000
000000000000000000000000000000000000000000000000000000000000000000000000000000000000000000000000000000000000000000000000000000000000000000000000000000000000000000000000000000000000000000000000000000000000000000000000000000000000
000000000000000000000000000000000000000000000000000000000000000000000000000000000000000000000000000000000000000000000000000000000000000000000000000000000000000000000000000000000000000000000000000000000000000000000000000000000000
000000000000000000000000000000000000000000000000000000000000000000000000000000000000000000000000000000000000000000000000000000000000000000000000000000000000000000000000000000000000000000000000000000000000000000000000000000000000
000000000000000000000000000000000000000000000000000000000000000000000000000000000000000000000000000000000000000000000000000000000000000000000000000000000000000000000000000000000000000000000000000000000000000000000000000000000000
000000000000000000000000000000000000000000000000000000000000000000000000000000000000000000000000000000000000000000000000000000000000000000000000000000000000000000000000000000000000000000000000000000000000000000000000000000000000
000000000000000000000000000000000000000000000000000000000000000000000000000000000000000000000000000000000000000000000000000000000000000000000000000000000000000000000000000000000000000000000000000000000000000000000000000000000000
000000000000002111111121111111291111112111111121111111200000000000000000000000211111112111111121111111211111112111911121111111211111112111111121111111200000000000000000000000211111112111111121111111211111112111111120000000000000
000000000000001000000000000000000000000000000000000000100000000000000000000000100000000000000000000000000000000000000000000000000000000000000000000000100000000000000000000000100000000000000000000000000000000000000010000000000000
000000000000001000000000000000000000000000000000000000100000000000000000000000100000000000000000000000000000000000000000000000000000000000000000000000100000000000000000000000100000000000000000000000000000000000000010000000000000
000000000000001000000000000000000000000000000000000000100000000000000000000000100000000000000000000000000000000000000000000000000000000000000000000000100000000000000000000000100000000000000000000000000000000000000010000000000000
000000000000001000000000000000000000000000000000000000100000000000000000000000100000000000000000000000000000000000000000000000000000000000000000000000100000000000000000000000100000000000000000000000000000000000000010000000000000
000000000000001000000000000000000000000000000000000000100000000000000000000000100000000000000000000000000000000000000000000000000000000000000000000000100000000000000000000000100000000000000000000000000000000000000010000000000000
000000000000001000000000000000000000000000000000000000100000000000000000000000100000000000000000000000000000000000000000000000000000000000000000000000100000000000000000000000100000000000000000000000000000000000000010000000000000
000000000000001000000000000000000000000000000000000000100000000000000000000000100000000000000000000000000000000000000000000000000000000000000000000000100000000000000000000000100000000000000000000000000000000000000010000000000000
000000000000003000000000000000000000000000000000000000200000000000000000000000200000000000000000000000000000000000000000000000000000000000000000000000200000000000000000000000200000000000000000000000000000000000000030000000000000
000000000000001000000000000000000000000000000000000000100000000000000000000000100000000000000000000000000000000000000000000000000000000000000000000000100000000000000000000000100000000000000000000000000000000000000010000000000000
000000000000001000000000000000000000000000000000000000900000000000000000000000100000000000000000000000000000000000000000000000000000000000000000000000100000000000000000000000100000000000000000000000000000000000000010000000000000
000000000000001000000000000000000000000000000000000000100000000000000000000000100000000000000000000000000000000000000000000000000000000000000000000000100000000000000000000000100000000000000000000000000000000000000010000000000000
000000000000001000000000000000000000000000000000000000100000000000000000000000100000000000000000000000000000000000000000000000000000000000000000000000100000000000000000000000100000000000000000000000000000000000000010000000000000
000000000000001000000000000000000000000000000000000000100000000000000000000000100000000000000000000000000000000000000000000000000000000000000000000000100000000000000000000000100000000000000000000000000000000000000010000000000000
000000000000001000000000000000000000000000000000000000100000000000000000000000100000000000000000000000000000000000000000000000000000000000000000000000100000000000000000000000100000000000000000000000000000000000000010000000000000
000000000000001000000000000000000000000000000000000000100000000000000000000000100000000000000000000000000000000000000000000000000000000000000000000000100000000000000000000000100000000000000000000000000000000000000010000000000000
000000000000002000000000000000000000000000000000000000200000000000000000000000200000000000000000000000000000000000000000000000000000000000000000000000200000000000000000000000200000000000000000000000000000000000000020000000000000
000000000000001000000000000000000000000000000000000000100000000000000000000000100000000000000000000000000000000000000000000000000000000000000000000000100000000000000000000000100000000000000000000000000000000000000010000000000000
000000000000001000000000000000000000000000000000000000100000000000000000000000100000000000000000000000000000000000000000000000000000000000000000000000100000000000000000000000100000000000000000000000000000000000000010000000000000
000000000000001000000000000000000000000000000000000000100000000000000000000000100000000000000000000000000000000000000000000000000000000000000000000000100000000000000000000000100000000000000000000000000000000000000010000000000000
000000000000001000000000000000000000000000000000000000100000000000000000000000100000000000000000000000000000000000000000000000000000000000000000000000100000000000000000000000100000000000000000000000000000000000000010000000000000
000000000000001000000000000000000000000000000000000000100000000000000000000000100000000000000000000000000000000000000000000000000000000000000000000000100000000000000000000000100000000000000000000000000000000000000010000000000000
000000000000001000000000000000000000000000000000000000100000000000000000000000100000000000000000000000000000000000000000000000000000000000000000000000100000000000000000000000100000000000000000000000000000000000000010000000000000
000000000000001000000000000000000000000000000000000000100000000000000000000000100000000000000000000000000000000000000000000000000000000000000000000000100000000000000000000000100000000000000000000000000000000000000010000000000000
000000000000002111111121111111911111112111111121111111211111912111111121111111911111112111111121111111211111112111911121111111211111112111111121111111211111112111111121111111211111112111111121111111211111112111111120000000000000
000000000000000000000000000000100000000000000000000000100000000000000000000000000000000000000000000000100000000000000000000000100000000000000000000000000000000000000000000000100000000000000000000000100000000000000000000000000000
000000000000000000000000000000100000000000000000000000100000000000000000000000000000000000000000000000100000000000000000000000100000000000000000000000000000000000000000000000100000000000000000000000100000000000000000000000000000
000000000000000000000000000000100000000000000000000000100000000000000000000000000000000000000000000000100000000000000000000000100000000000000000000000000000000000000000000000100000000000000000000000100000000000000000000000000000
000000000000000000000000000000100000000000000000000000100000000000000000000000000000000000000000000000100000000000000000000000100000000000000000000000000000000000000000000000100000000000000000000000100000000000000000000000000000
000000000000000000000000000000100000000000000000000000100000000000000000000000000000000000000000000000100000000000000000000000100000000000000000000000000000000000000000000000100000000000000000000000100000000000000000000000000000
000000000000000000000000000000100000000000000000000000100000000000000000000000000000000000000000000000100000000000000000000000100000000000000000000000000000000000000000000000100000000000000000000000100000000000000000000000000000
000000000000000000000000000000100000000000000000000000100000000000000000000000000000000000000000000000100000000000000000000000100000000000000000000000000000000000000000000000100000000000000000000000100000000000000000000000000000
000000000000000000000000000000200000000000000000000000200000000000000000000000000000000000000000000000200000000000000000000000200000000000000000000000000000000000000000000000200000000000000000000000200000000000000000000000000000
000000000000000000000000000000100000000000000000000000100000000000000000000000000000000000000000000000100000000000000000000000100000000000000000000000000000000000000000000000100000000000000000000000100000000000000000000000000000
000000000000000000000000000000100000000000000000000000100000000000000000000000000000000000000000000000100000000000000000000000100000000000000000000000000000000000000000000000100000000000000000000000100000000000000000000000000000
000000000000000000000000000000100000000000000000000000100000000000000000000000000000000000000000000000100000000000000000000000100000000000000000000000000000000000000000000000100000000000000000000000100000000000000000000000000000
000000000000000000000000000000100000000000000000000000100000000000000000000000000000000000000000000000100000000000000000000000100000000000000000000000000000000000000000000000100000000000000000000000100000000000000000000000000000
000000000000000000000000000000100000000000000000000000100000000000000000000000000000000000000000000000100000000000000000000000100000000000000000000000000000000000000000000000100000000000000000000000100000000000000000000000000000
000000000000000000000000000000100000000000000000000000100000000000000000000000000000000000000000000000100000000000000000000000100000000000000000000000000000000000000000000000100000000000000000000000100000000000000000000000000000
000000000000000000000000000000100000000000000000000000100000000000000000000000000000000000000000000000100000000000000000000000100000000000000000000000000000000000000000000000100000000000000000000000100000000000000000000000000000
000000000000000000000000000000200000000000000000000000200000000000000000000000000000000000000000000000200000000000000000000000200000000000000000000000000000000000000000000000200000000000000000000000200000000000000000000000000000
000000000000000000000000000000100000000000000000000000100000000000000000000000000000000000000000000000100000000000000000000000100000000000000000000000000000000000000000000000100000000000000000000000100000000000000000000000000000
000000000000000000000000000000100000000000000000000000900000000000000000000000000000000000000000000000100000000000000000000000100000000000000000000000000000000000000000000000100000000000000000000000100000000000000000000000000000
000000000000000000000000000000100000000000000000000000100000000000000000000000000000000000000000000000100000000000000000000000100000000000000000000000000000000000000000000000100000000000000000000000100000000000000000000000000000
000000000000000000000000000000100000000000000000000000100000000000000000000000000000000000000000000000100000000000000000000000100000000000000000000000000000000000000000000000100000000000000000000000100000000000000000000000000000
000000000000000000000000000000100000000000000000000000100000000000000000000000000000000000000000000000100000000000000000000000100000000000000000000000000000000000000000000000100000000000000000000000100000000000000000000000000000
000000000000000000000000000000100000000000000000000000100000000000000000000000000000000000000000000000900000000000000000000000100000000000000000000000000000000000000000000000100000000000000000000000100000000000000000000000000000
000000000000000000000000000000100000000000000000000000100000000000000000000000000000000000000000000000100000000000000000000000100000000000000000000000000000000000000000000000100000000000000000000000100000000000000000000000000000
000000000000000000000000000000200000000000000000000000200000000000000000000000000000000000000000000000200000000000000000000000200000000000000000000000000000000000000000000000200000000000000000000000200000000000000000000000000000
000000000000000000000000000000100000000000000000000000100000000000000000000000000000000000000000000000100000000000000000000000100000000000000000000000000000000000000000000000100000000000000000000000100000000000000000000000000000
000000000000000000000000000000100000000000000000000000100000000000000000000000000000000000000000000000100000000000000000000000100000000000000000000000000000000000000000000000100000000000000000000000100000000000000000000000000000
000000000000000000000000000000100000000000000000000000100000000000000000000000000000000000000000000000100000000000000000000000100000000000000000000000000000000000000000000000100000000000000000000000100000000000000000000000000000
000000000000000000000000000000100000000000000000000000900000000000000000000000000000000000000000000000100000000000000000000000100000000000000000000000000000000000000000000000100000000000000000000000100000000000000000000000000000
000000000000000000000000000000100000000000000000000000100000000000000000000000000000000000000000000000100000000000000000000000100000000000000000000000000000000000000000000000100000000000000000000000100000000000000000000000000000
000000000000000000000000000000100000000000000000000000100000000000000000000000000000000000000000000000100000000000000000000000100000000000000000000000000000000000000000000000100000000000000000000000100000000000000000000000000000
000000000000000000000000000000100000000000000000000000100000000000000000000000000000000000000000000000100000000000000000000000100000000000000000000000000000000000000000000000100000000000000000000000100000000000000000000000000000
011111111111111111111111111111100000000000000000000000211111112111191121111111211111112111111121111111200000000000000000000000211111112111111121111111211111112111111121111111200000000000000000000000111111111111111111111111111101
000000000000000000000000000000100000000000000000000000000000000000000000000000100000000000000000000000000000000000000000000000000000000000000000000000100000000000000000000000000000000000000000000000100000000000000000000000000000
000000000000000000000000000000100000000000000000000000000000000000000000000000100000000000000000000000000000000000000000000000000000000000000000000000100000000000000000000000000000000000000000000000100000000000000000000000000000
000000000000000000000000000000100000000000000000000000000000000000000000000000100000000000000000000000000000000000000000000000000000000000000000000000100000000000000000000000000000000000000000000000100000000000000000000000000000
000000000000000000000000000000100000000000000000000000000000000000000000000000100000000000000000000000000000000000000000000000000000000000000000000000100000000000000000000000000000000000000000000000100000000000000000000000000000
000000000000000000000000000000100000000000000000000000000000000000000000000000100000000000000000000000000000000000000000000000000000000000000000000000100000000000000000000000000000000000000000000000100000000000000000000000000000
000000000000000000000000000000100000000000000000000000000000000000000000000000100000000000000000000000000000000000000000000000000000000000000000000000100000000000000000000000000000000000000000000000100000000000000000000000000000
000000000000000000000000000000100000000000000000000000000000000000000000000000100000000000000000000000000000000000000000000000000000000000000000000000100000000000000000000000000000000000000000000000100000000000000000000000000000
000000000000000000000000000000200000000000000000000000000000000000000000000000100000000000000000000000000000000000000000000000000000000000000000000000100000000000000000000000000000000000000000000000200000000000000000000000000000
000000000000000000000000000000100000000000000000000000000000000000000000000000100000000000000000000000000000000000000000000000000000000000000000000000100000000000000000000000000000000000000000000000100000000000000000000000000000
000000000000000000000000000000100000000000000000000000000000000000000000000000100000000000000000000000000000000000000000000000000000000000000000000000100000000000000000000000000000000000000000000000100000000000000000000000000000
000000000000000000000000000000100000000000000000000000000000000000000000000000100000000000000000000000000000000000000000000000000000000000000000000000100000000000000000000000000000000000000000000000100000000000000000000000000000
000000000000000000000000000000100000000000000000000000000000000000000000000000100000000000000000000000000000000000000000000000000000000000000000000000100000000000000000000000000000000000000000000000100000000000000000000000000000
000000000000000000000000000000100000000000000000000000000000000000000000000000900000000000000000000000000000000000000000000000000000000000000000000000100000000000000000000000000000000000000000000000100000000000000000000000000000
000000000000000000000000000000100000000000000000000000000000000000000000000000100000000000000000000000000000000000000000000000000000000000000000000000100000000000000000000000000000000000000000000000100000000000000000000000000000
000000000000000000000000000000100000000000000000000000000000000000000000000000100000000000000000000000000000000000000000000000000000000000000000000000100000000000000000000000000000000000000000000000100000000000000000000000000000
000000000000000000000000000000200000000000000000000000000000000000000000000000100000000000000000000000000000000000000000000000000000000000000000000000100000000000000000000000000000000000000000000000200000000000000000000000000000
000000000000000000000000000000100000000000000000000000000000000000000000000000100000000000000000000000000000000000000000000000000000000000000000000000100000000000000000000000000000000000000000000000100000000000000000000000000000
000000000000000000000000000000100000000000000000000000000000000000000000000000100000000000000000000000000000000000000000000000000000000000000000000000100000000000000000000000000000000000000000000000100000000000000000000000000000
000000000000000000000000000000100000000000000000000000000000000000000000000000100000000000000000000000000000000000000000000000000000000000000000000000100000000000000000000000000000000000000000000000100000000000000000000000000000
000000000000000000000000000000100000000000000000000000000000000000000000000000100000000000000000000000000000000000000000000000000000000000000000000000100000000000000000000000000000000000000000000000100000000000000000000000000000
000000000000000000000000000000100000000000000000000000000000000000000000000000100000000000000000000000000000000000000000000000000000000000000000000000100000000000000000000000000000000000000000000000100000000000000000000000000000
000000000000000000000000000000100000000000000000000000000000000000000000000000100000000000000000000000000000000000000000000000000000000000000000000000100000000000000000000000000000000000000000000000100000000000000000000000000000
000000000000000000000000000000100000000000000000000000000000000000000000000000100000000000000000000000000000000000000000000000000000000000000000000000100000000000000000000000000000000000000000000000100000000000000000000000000000
000000000000000000000000000000911111111111111111111111111111111111111111111111911111111111111111111111111111111111211111111111111111111111111111111111911111111111111111111111111111111111111111111111900000000000000000000000000000
000000000000000000000000000000100000000000000000000000000000000000000000000000100000000000000000000000000000000000000000000000000000000000000000000000100000000000000000000000000000000000000000000000100000000000000000000000000000
000000000000000000000000000000100000000000000000000000000000000000000000000000100000000000000000000000000000000000000000000000000000000000000000000000100000000000000000000000000000000000000000000000100000000000000000000000000000
000000000000000000000000000000100000000000000000000000000000000000000000000000100000000000000000000000000000000000000000000000000000000000000000000000100000000000000000000000000000000000000000000000100000000000000000000000000000
000000000000000000000000000000100000000000000000000000000000000000000000000000100000000000000000000000000000000000000000000000000000000000000000000000100000000000000000000000000000000000000000000000100000000000000000000000000000
000000000000000000000000000000100000000000000000000000000000000000000000000000100000000000000000000000000000000000000000000000000000000000000000000000100000000000000000000000000000000000000000000000100000000000000000000000000000
000000000000000000000000000000100000000000000000000000000000000000000000000000100000000000000000000000000000000000000000000000000000000000000000000000100000000000000000000000000000000000000000000000100000000000000000000000000000
000000000000000000000000000000100000000000000000000000000000000000000000000000100000000000000000000000000000000000000000000000000000000000000000000000100000000000000000000000000000000000000000000000100000000000000000000000000000
000000000000000000000000000000200000000000000000000000000000000000000000000000100000000000000000000000000000000000000000000000000000000000000000000000100000000000000000000000000000000000000000000000200000000000000000000000000000
000000000000000000000000000000100000000000000000000000000000000000000000000000100000000000000000000000000000000000000000000000000000000000000000000000100000000000000000000000000000000000000000000000100000000000000000000000000000
000000000000000000000000000000100000000000000000000000000000000000000000000000100000000000000000000000000000000000000000000000000000000000000000000000100000000000000000000000000000000000000000000000100000000000000000000000000000
000000000000000000000000000000100000000000000000000000000000000000000000000000100000000000000000000000000000000000000000000000000000000000000000000000100000000000000000000000000000000000000000000000100000000000000000000000000000
000000000000000000000000000000100000000000000000000000000000000000000000000000100000000000000000000000000000000000000000000000000000000000000000000000100000000000000000000000000000000000000000000000100000000000000000000000000000
000000000000000000000000000000100000000000000000000000000000000000000000000000100000000000000000000000000000000000000000000000000000000000000000000000100000000000000000000000000000000000000000000000100000000000000000000000000000
000000000000000000000000000000100000000000000000000000000000000000000000000000100000000000000000000000000000000000000000000000000000000000000000000000100000000000000000000000000000000000000000000000100000000000000000000000000000
000000000000000000000000000000100000000000000000000000000000000000000000000000100000000000000000000000000000000000000000000000000000000000000000000000100000000000000000000000000000000000000000000000100000000000000000000000000000
000000000000000000000000000000200000000000000000000000000000000000000000000000100000000000000000000000000000000000000000000000000000000000000000000000100000000000000000000000000000000000000000000000200000000000000000000000000000
000000000000000000000000000000100000000000000000000000000000000000000000000000100000000000000000000000000000000000000000000000000000000000000000000000100000000000000000000000000000000000000000000000100000000000000000000000000000
000000000000000000000000000000100000000000000000000000000000000000000000000000900000000000000000000000000000000000000000000000000000000000000000000000100000000000000000000000000000000000000000000000100000000000000000000000000000
000000000000000000000000000000100000000000000000000000000000000000000000000000100000000000000000000000000000000000000000000000000000000000000000000000100000000000000000000000000000000000000000000000100000000000000000000000000000
000000000000000000000000000000100000000000000000000000000000000000000000000000100000000000000000000000000000000000000000000000000000000000000000000000100000000000000000000000000000000000000000000000100000000000000000000000000000
000000000000000000000000000000100000000000000000000000000000000000000000000000100000000000000000000000000000000000000000000000000000000000000000000000100000000000000000000000000000000000000000000000100000000000000000000000000000
000000000000000000000000000000100000000000000000000000000000000000000000000000100000000000000000000000000000000000000000000000000000000000000000000000100000000000000000000000000000000000000000000000100000000000000000000000000000
000000000000000000000000000000100000000000000000000000000000000000000000000000100000000000000000000000000000000000000000000000000000000000000000000000100000000000000000000000000000000000000000000000100000000000000000000000000000
000000000000000000000000000000200000000000000000000000111111111111111111111111900000000000000000000000000000000000000000000000000000000000000000000000111111111111111111111111100000000000000000000000200000000000000000000000000000
000000000000000000000000000000100000000000000000000000100000000000000000000000100000000000000000000000000000000000000000000000000000000000000000000000100000000000000000000000100000000000000000000000100000000000000000000000000000
000000000000000000000000000000100000000000000000000000100000000000000000000000100000000000000000000000000000000000000000000000000000000000000000000000100000000000000000000000100000000000000000000000100000000000000000000000000000
000000000000000000000000000000100000000000000000000000100000000000000000000000100000000000000000000000000000000000000000000000000000000000000000000000100000000000000000000000100000000000000000000000100000000000000000000000000000
000000000000000000000000000000100000000000000000000000100000000000000000000000100000000000000000000000000000000000000000000000000000000000000000000000100000000000000000000000100000000000000000000000900000000000000000000000000000
000000000000000000000000000000100000000000000000000000100000000000000000000000100000000000000000000000000000000000000000000000000000000000000000000000100000000000000000000000100000000000000000000000100000000000000000000000000000
000000000000000000000000000000100000000000000000000000100000000000000000000000100000000000000000000000000000000000000000000000000000000000000000000000100000000000000000000000100000000000000000000000100000000000000000000000000000
000000000000000000000000000000100000000000000000000000100000000000000000000000100000000000000000000000000000000000000000000000000000000000000000000000100000000000000000000000100000000000000000000000100000000000000000000000000000
000000000000000000000000000000200000000000000000000000100000000000000000000000100000000000000000000000000000000000000000000000000000000000000000000000100000000000000000000000100000000000000000000000200000000000000000000000000000
000000000000000000000000000000100000000000000000000000100000000000000000000000100000000000000000000000000000000000000000000000000000000000000000000000100000000000000000000000100000000000000000000000100000000000000000000000000000
000000000000000000000000000000100000000000000000000000100000000000000000000000100000000000000000000000000000000000000000000000000000000000000000000000100000000000000000000000100000000000000000000000100000000000000000000000000000
000000000000000000000000000000100000000000000000000000100000000000000000000000100000000000000000000000000000000000000000000000000000000000000000000000100000000000000000000000900000000000000000000000100000000000000000000000000000
000000000000000000000000000000100000000000000000000000100000000000000000000000100000000000000000000000000000000000000000000000000000000000000000000000100000000000000000000000100000000000000000000000100000000000000000000000000000
000000000000000000000000000000100000000000000000000000100000000000000000000000100000000000000000000000000000000000000000000000000000000000000000000000100000000000000000000000100000000000000000000000100000000000000000000000000000
000000000000000000000000000000100000000000000000000000100000000000000000000000100000000000000000000000000000000000000000000000000000000000000000000000100000000000000000000000100000000000000000000000100000000000000000000000000000
000000000000000000000000000000100000000000000000000000100000000000000000000000100000000000000000000000000000000000000000000000000000000000000000000000100000000000000000000000100000000000000000000000100000000000000000000000000000
000000000000000000000000000000200000000000000000000000100000000000000000000000100000000000000000000000000000000000000000000000000000000000000000000000100000000000000000000000100000000000000000000000200000000000000000000000000000
000000000000000000000000000000100000000000000000000000100000000000000000000000100000000000000000000000000000000000000000000000000000000000000000000000100000000000000000000000100000000000000000000000100000000000000000000000000000
000000000000000000000000000000100000000000000000000000100000000000000000000000100000000000000000000000000000000000000000000000000000000000000000000000100000000000000000000000100000000000000000000000100000000000000000000000000000
000000000000000000000000000000100000000000000000000000100000000000000000000000100000000000000000000000000000000000000000000000000000000000000000000000100000000000000000000000100000000000000000000000100000000000000000000000000000
000000000000000000000000000000100000000000000000000000100000000000000000000000100000000000000000000000000000000000000000000000000000000000000000000000100000000000000000000000100000000000000000000000100000000000000000000000000000
000000000000000000000000000000100000000000000000000000100000000000000000000000100000000000000000000000000000000000000000000000000000000000000000000000100000000000000000000000100000000000000000000000100000000000000000000000000000
000000000000000000000000000000100000000000000000000000100000000000000000000000100000000000000000000000000000000000000000000000000000000000000000000000100000000000000000000000100000000000000000000000100000000000000000000000000000
000000000000000000000000000000100000000000000000000000100000000000000000000000100000000000000000000000000000000000000000000000000000000000000000000000100000000000000000000000100000000000000000000000100000000000000000000000000000
011111111191111111111111111111111111111111111111111111100000000000000000000000911111111111111111111911111111111111111111191111111111111111111111111111900000000000000000000000911111111111111111111111111111111111111111111111111011
000000000000000000000000000000100000000000000000000000000000000000000000000000000000000000000000000000100000000000000000000000100000000000000000000000000000000000000000000000000000000000000000000000100000000000000000000000000000
000000000000000000000000000000100000000000000000000000000000000000000000000000000000000000000000000000100000000000000000000000100000000000000000000000000000000000000000000000000000000000000000000000100000000000000000000000000000
000000000000000000000000000000100000000000000000000000000000000000000000000000000000000000000000000000100000000000000000000000100000000000000000000000000000000000000000000000000000000000000000000000100000000000000000000000000000
000000000000000000000000000000100000000000000000000000000000000000000000000000000000000000000000000000100000000000000000000000100000000000000000000000000000000000000000000000000000000000000000000000100000000000000000000000000000
000000000000000000000000000000100000000000000000000000000000000000000000000000000000000000000000000000100000000000000000000000100000000000000000000000000000000000000000000000000000000000000000000000100000000000000000000000000000
000000000000000000000000000000100000000000000000000000000000000000000000000000000000000000000000000000100000000000000000000000100000000000000000000000000000000000000000000000000000000000000000000000100000000000000000000000000000
000000000000000000000000000000100000000000000000000000000000000000000000000000000000000000000000000000100000000000000000000000100000000000000000000000000000000000000000000000000000000000000000000000100000000000000000000000000000
000000000000000000000000000000200000000000000000000000000000000000000000000000000000000000000000000000100000000000000000000000100000000000000000000000000000000000000000000000000000000000000000000000200000000000000000000000000000
000000000000000000000000000000100000000000000000000000000000000000000000000000000000000000000000000000100000000000000000000000100000000000000000000000000000000000000000000000000000000000000000000000100000000000000000000000000000
000000000000000000000000000000100000000000000000000000000000000000000000000000000000000000000000000000100000000000000000000000100000000000000000000000000000000000000000000000000000000000000000000000100000000000000000000000000000
000000000000000000000000000000100000000000000000000000000000000000000000000000000000000000000000000000100000000000000000000000100000000000000000000000000000000000000000000000000000000000000000000000900000000000000000000000000000
000000000000000000000000000000100000000000000000000000000000000000000000000000000000000000000000000000100000000000000000000000100000000000000000000000000000000000000000000000000000000000000000000000100000000000000000000000000000
000000000000000000000000000000100000000000000000000000000000000000000000000000000000000000000000000000100000000000000000000000100000000000000000000000000000000000000000000000000000000000000000000000100000000000000000000000000000
000000000000000000000000000000900000000000000000000000000000000000000000000000000000000000000000000000100000000000000000000000100000000000000000000000000000000000000000000000000000000000000000000000100000000000000000000000000000
000000000000000000000000000000100000000000000000000000000000000000000000000000000000000000000000000000100000000000000000000000100000000000000000000000000000000000000000000000000000000000000000000000100000000000000000000000000000
000000000000000000000000000000200000000000000000000000000000000000000000000000000000000000000000000000100000000000000000000000100000000000000000000000000000000000000000000000000000000000000000000000200000000000000000000000000000
000000000000000000000000000000100000000000000000000000000000000000000000000000000000000000000000000000100000000000000000000000100000000000000000000000000000000000000000000000000000000000000000000000100000000000000000000000000000
000000000000000000000000000000100000000000000000000000000000000000000000000000000000000000000000000000100000000000000000000000100000000000000000000000000000000000000000000000000000000000000000000000100000000000000000000000000000
000000000000000000000000000000100000000000000000000000000000000000000000000000000000000000000000000000100000000000000000000000100000000000000000000000000000000000000000000000000000000000000000000000100000000000000000000000000000
000000000000000000000000000000100000000000000000000000000000000000000000000000000000000000000000000000100000000000000000000000100000000000000000000000000000000000000000000000000000000000000000000000100000000000000000000000000000
000000000000000000000000000000100000000000000000000000000000000000000000000000000000000000000000000000100000000000000000000000100000000000000000000000000000000000000000000000000000000000000000000000100000000000000000000000000000
000000000000000000000000000000100000000000000000000000000000000000000000000000000000000000000000000000100000000000000000000000100000000000000000000000000000000000000000000000000000000000000000000000100000000000000000000000000000
000000000000000000000000000000100000000000000000000000000000000000000000000000000000000000000000000000100000000000000000000000100000000000000000000000000000000000000000000000000000000000000000000000100000000000000000000000000000
000000000000000000000000000000211111112111111121111111219111112111111121111111211111111111111111191111100000000000000000000000111111111111111111111111911111112111111121111111211111111211111121111111900000000000000000000000000000
000000000000000000000000000000100000000000000000000000000000000000000000000000100000000000000000000000000000000000000000000000000000000000000000000000100000000000000000000000000000000000000000000000100000000000000000000000000000
000000000000000000000000000000100000000000000000000000000000000000000000000000100000000000000000000000000000000000000000000000000000000000000000000000100000000000000000000000000000000000000000000000100000000000000000000000000000
000000000000000000000000000000100000000000000000000000000000000000000000000000100000000000000000000000000000000000000000000000000000000000000000000000100000000000000000000000000000000000000000000000100000000000000000000000000000
000000000000000000000000000000100000000000000000000000000000000000000000000000100000000000000000000000000000000000000000000000000000000000000000000000100000000000000000000000000000000000000000000000100000000000000000000000000000
000000000000000000000000000000100000000000000000000000000000000000000000000000100000000000000000000000000000000000000000000000000000000000000000000000100000000000000000000000000000000000000000000000100000000000000000000000000000
000000000000000000000000000000100000000000000000000000000000000000000000000000100000000000000000000000000000000000000000000000000000000000000000000000100000000000000000000000000000000000000000000000100000000000000000000000000000
000000000000000000000000000000100000000000000000000000000000000000000000000000100000000000000000000000000000000000000000000000000000000000000000000000100000000000000000000000000000000000000000000000100000000000000000000000000000
000000000000000000000000000000200000000000000000000000000000000000000000000000200000000000000000000000000000000000000000000000000000000000000000000000200000000000000000000000000000000000000000000000200000000000000000000000000000
000000000000000000000000000000100000000000000000000000000000000000000000000000100000000000000000000000000000000000000000000000000000000000000000000000100000000000000000000000000000000000000000000000100000000000000000000000000000
000000000000000000000000000000100000000000000000000000000000000000000000000000100000000000000000000000000000000000000000000000000000000000000000000000100000000000000000000000000000000000000000000000100000000000000000000000000000
000000000000000000000000000000900000000000000000000000000000000000000000000000100000000000000000000000000000000000000000000000000000000000000000000000100000000000000000000000000000000000000000000000100000000000000000000000000000
000000000000000000000000000000100000000000000000000000000000000000000000000000100000000000000000000000000000000000000000000000000000000000000000000000100000000000000000000000000000000000000000000000100000000000000000000000000000
000000000000000000000000000000100000000000000000000000000000000000000000000000100000000000000000000000000000000000000000000000000000000000000000000000100000000000000000000000000000000000000000000000100000000000000000000000000000
000000000000000000000000000000100000000000000000000000000000000000000000000000100000000000000000000000000000000000000000000000000000000000000000000000100000000000000000000000000000000000000000000000100000000000000000000000000000
000000000000000000000000000000100000000000000000000000000000000000000000000000100000000000000000000000000000000000000000000000000000000000000000000000100000000000000000000000000000000000000000000000100000000000000000000000000000
000000000000000000000000000000200000000000000000000000000000000000000000000000200000000000000000000000000000000000000000000000000000000000000000000000200000000000000000000000000000000000000000000000200000000000000000000000000000
000000000000000000000000000000100000000000000000000000000000000000000000000000100000000000000000000000000000000000000000000000000000000000000000000000100000000000000000000000000000000000000000000000100000000000000000000000000000
000000000000000000000000000000100000000000000000000000000000000000000000000000100000000000000000000000000000000000000000000000000000000000000000000000100000000000000000000000000000000000000000000000100000000000000000000000000000
000000000000000000000000000000100000000000000000000000000000000000000000000000100000000000000000000000000000000000000000000000000000000000000000000000100000000000000000000000000000000000000000000000100000000000000000000000000000
000000000000000000000000000000100000000000000000000000000000000000000000000000100000000000000000000000000000000000000000000000000000000000000000000000100000000000000000000000000000000000000000000000100000000000000000000000000000
000000000000000000000000000000100000000000000000000000000000000000000000000000100000000000000000000000000000000000000000000000000000000000000000000000100000000000000000000000000000000000000000000000100000000000000000000000000000
000000000000000000000000000000100000000000000000000000000000000000000000000000100000000000000000000000000000000000000000000000000000000000000000000000100000000000000000000000000000000000000000000000100000000000000000000000000000
000000000000000000000000000000100000000000000000000000000000000000000000000000100000000000000000000000000000000000000000000000000000000000000000000000100000000000000000000000000000000000000000000000100000000000000000000000000000
000000000000002111111121111111211111112111111121111111291111112111111121111111911111112111111121111111211111112111511121111111211111112111111121111111911111112111111121111111211111112111911121111111211111112111111190000000000000
000000000000001000000000000000000000000000000000000000100000000000000000000000000000000000000000000000100000000000000000000000100000000000000000000000000000000000000000000000100000000000000000000000000000000000000010000000000000
000000000000001000000000000000000000000000000000000000100000000000000000000000000000000000000000000000100000000000000000000000100000000000000000000000000000000000000000000000100000000000000000000000000000000000000010000000000000
000000000000001000000000000000000000000000000000000000100000000000000000000000000000000000000000000000100000000000000000000000100000000000000000000000000000000000000000000000100000000000000000000000000000000000000010000000000000
000000000000001000000000000000000000000000000000000000100000000000000000000000000000000000000000000000100000000000000000000000100000000000000000000000000000000000000000000000100000000000000000000000000000000000000010000000000000
000000000000001000000000000000000000000000000000000000100000000000000000000000000000000000000000000000100000000000000000000000100000000000000000000000000000000000000000000000100000000000000000000000000000000000000010000000000000
000000000000001000000000000000000000000000000000000000100000000000000000000000000000000000000000000000100000000000000000000000100000000000000000000000000000000000000000000000100000000000000000000000000000000000000010000000000000
000000000000001000000000000000000000000000000000000000100000000000000000000000000000000000000000000000100000000000000000000000100000000000000000000000000000000000000000000000100000000000000000000000000000000000000010000000000000
000000000000002000000000000000000000000000000000000000200000000000000000000000000000000000000000000000200000000000000000000000200000000000000000000000000000000000000000000000200000000000000000000000000000000000000020000000000000
000000000000001000000000000000000000000000000000000000100000000000000000000000000000000000000000000000100000000000000000000000100000000000000000000000000000000000000000000000100000000000000000000000000000000000000010000000000000
000000000000001000000000000000000000000000000000000000100000000000000000000000000000000000000000000000100000000000000000000000100000000000000000000000000000000000000000000000100000000000000000000000000000000000000010000000000000
000000000000001000000000000000000000000000000000000000100000000000000000000000000000000000000000000000100000000000000000000000100000000000000000000000000000000000000000000000100000000000000000000000000000000000000010000000000000
000000000000001000000000000000000000000000000000000000100000000000000000000000000000000000000000000000100000000000000000000000100000000000000000000000000000000000000000000000100000000000000000000000000000000000000010000000000000
000000000000001000000000000000000000000000000000000000100000000000000000000000000000000000000000000000100000000000000000000000100000000000000000000000000000000000000000000000100000000000000000000000000000000000000010000000000000
000000000000001000000000000000000000000000000000000000100000000000000000000000000000000000000000000000100000000000000000000000100000000000000000000000000000000000000000000000100000000000000000000000000000000000000010000000000000
000000000000001000000000000000000000000000000000000000100000000000000000000000000000000000000000000000100000000000000000000000100000000000000000000000000000000000000000000000100000000000000000000000000000000000000010000000000000
000000000000002000000000000000000000000000000000000000200000000000000000000000000000000000000000000000200000000000000000000000200000000000000000000000000000000000000000000000200000000000000000000000000000000000000020000000000000
000000000000001000000000000000000000000000000000000000100000000000000000000000000000000000000000000000100000000000000000000000100000000000000000000000000000000000000000000000100000000000000000000000000000000000000010000000000000
000000000000001000000000000000000000000000000000000000100000000000000000000000000000000000000000000000100000000000000000000000100000000000000000000000000000000000000000000000100000000000000000000000000000000000000010000000000000
000000000000001000000000000000000000000000000000000000100000000000000000000000000000000000000000000000100000000000000000000000100000000000000000000000000000000000000000000000100000000000000000000000000000000000000010000000000000
000000000000001000000000000000000000000000000000000000100000000000000000000000000000000000000000000000100000000000000000000000100000000000000000000000000000000000000000000000100000000000000000000000000000000000000010000000000000
000000000000001000000000000000000000000000000000000000100000000000000000000000000000000000000000000000100000000000000000000000100000000000000000000000000000000000000000000000100000000000000000000000000000000000000010000000000000
000000000000001000000000000000000000000000000000000000100000000000000000000000000000000000000000000000100000000000000000000000100000000000000000000000000000000000000000000000100000000000000000000000000000000000000010000000000000
000000000000001000000000000000000000000000000000000000100000000000000000000000000000000000000000000000100000000000000000000000100000000000000000000000000000000000000000000000100000000000000000000000000000000000000010000000000000
000000000000002000000000000000000000000000000000000000900000000000000000000000211111112111111121111111200000000000000000000000211111112111111121111111200000000000000000000000900000000000000000000000000000000000000020000000000000
000000000000001000000000000000000000000000000000000000100000000000000000000000100000000000000000000000000000000000000000000000000000000000000000000000100000000000000000000000100000000000000000000000000000000000000010000000000000
000000000000001000000000000000000000000000000000000000100000000000000000000000100000000000000000000000000000000000000000000000000000000000000000000000100000000000000000000000100000000000000000000000000000000000000010000000000000
000000000000001000000000000000000000000000000000000000100000000000000000000000100000000000000000000000000000000000000000000000000000000000000000000000100000000000000000000000100000000000000000000000000000000000000010000000000000
000000000000001000000000000000000000000000000000000000100000000000000000000000100000000000000000000000000000000000000000000000000000000000000000000000100000000000000000000000100000000000000000000000000000000000000010000000000000
000000000000001000000000000000000000000000000000000000100000000000000000000000100000000000000000000000000000000000000000000000000000000000000000000000100000000000000000000000100000000000000000000000000000000000000010000000000000
000000000000001000000000000000000000000000000000000000100000000000000000000000100000000000000000000000000000000000000000000000000000000000000000000000100000000000000000000000100000000000000000000000000000000000000010000000000000
000000000000001000000000000000000000000000000000000000100000000000000000000000100000000000000000000000000000000000000000000000000000000000000000000000100000000000000000000000100000000000000000000000000000000000000010000000000000
000000000000003000000000000000000000000000000000000000300000000000000000000000200000000000000000000000000000000000000000000000000000000000000000000000200000000000000000000000300000000000000000000000000000000000000020000000000000
000000000000001000000000000000000000000000000000000000100000000000000000000000100000000000000000000000000000000000000000000000000000000000000000000000100000000000000000000000100000000000000000000000000000000000000010000000000000
000000000000001000000000000000000000000000000000000000100000000000000000000000100000000000000000000000000000000000000000000000000000000000000000000000100000000000000000000000100000000000000000000000000000000000000010000000000000
000000000000001000000000000000000000000000000000000000100000000000000000000000100000000000000000000000000000000000000000000000000000000000000000000000100000000000000000000000100000000000000000000000000000000000000010000000000000
000000000000001000000000000000000000000000000000000000100000000000000000000000100000000000000000000000000000000000000000000000000000000000000000000000100000000000000000000000100000000000000000000000000000000000000010000000000000
000000000000001000000000000000000000000000000000000000100000000000000000000000100000000000000000000000000000000000000000000000000000000000000000000000100000000000000000000000100000000000000000000000000000000000000010000000000000
000000000000001000000000000000000000000000000000000000100000000000000000000000100000000000000000000000000000000000000000000000000000000000000000000000100000000000000000000000100000000000000000000000000000000000000010000000000000
000000000000001000000000000000000000000000000000000000100000000000000000000000100000000000000000000000000000000000000000000000000000000000000000000000100000000000000000000000100000000000000000000000000000000000000010000000000000
000000000000002000000000000000000000000000000000000000200000000000000000000000200000000000000000000000000000000000000000000000000000000000000000000000200000000000000000000000200000000000000000000000000000000000000020000000000000
000000000000009000000000000000000000000000000000000000100000000000000000000000100000000000000000000000000000000000000000000000000000000000000000000000100000000000000000000000100000000000000000000000000000000000000010000000000000
000000000000001000000000000000000000000000000000000000100000000000000000000000100000000000000000000000000000000000000000000000000000000000000000000000100000000000000000000000100000000000000000000000000000000000000010000000000000
000000000000001000000000000000000000000000000000000000100000000000000000000000100000000000000000000000000000000000000000000000000000000000000000000000100000000000000000000000100000000000000000000000000000000000000010000000000000
000000000000001000000000000000000000000000000000000000100000000000000000000000100000000000000000000000000000000000000000000000000000000000000000000000100000000000000000000000100000000000000000000000000000000000000010000000000000
000000000000001000000000000000000000000000000000000000100000000000000000000000100000000000000000000000000000000000000000000000000000000000000000000000100000000000000000000000100000000000000000000000000000000000000010000000000000
000000000000001000000000000000000000000000000000000000100000000000000000000000100000000000000000000000000000000000000000000000000000000000000000000000100000000000000000000000100000000000000000000000000000000000000010000000000000
000000000000001000000000000000000000000000000000000000100000000000000000000000100000000000000000000000000000000000000000000000000000000000000000000000100000000000000000000000100000000000000000000000000000000000000010000000000000
000000000000002111111121111111211911112111111121111111211111112111111121111111211111112111111121111111211111112111111121111111211111112111111121111111911111112111111121111111911111112111111121111111211111112111111120000000000000
000000000000000000000000000000000000000000000000000000000000000000000000000000000000000000000000000000000000000000000000000000000000000000000000000000000000000000000000000000000000000000000000000000000000000000000000000000000000
000000000000000000000000000000000000000000000000000000000000000000000000000000000000000000000000000000000000000000000000000000000000000000000000000000000000000000000000000000000000000000000000000000000000000000000000000000000000
000000000000000000000000000000000000000000000000000000000000000000000000000000000000000000000000000000000000000000000000000000000000000000000000000000000000000000000000000000000000000000000000000000000000000000000000000000000000
000000000000000000000000000000000000000000000000000000000000000000000000000000000000000000000000000000000000000000000000000000000000000000000000000000000000000000000000000000000000000000000000000000000000000000000000000000000000
000000000000000000000000000000000000000000000000000000000000000000000000000000000000000000000000000000000000000000000000000000000000000000000000000000000000000000000000000000000000000000000000000000000000000000000000000000000000
000000000000000000000000000000000000000000000000000000000000000000000000000000000000000000000000000000000000000000000000000000000000000000000000000000000000000000000000000000000000000000000000000000000000000000000000000000000000
000000000000000000000000000000000000000000000000000000000000000000000000000000000000000000000000000000000000000000000000000000000000000000000000000000000000000000000000000000000000000000000000000000000000000000000000000000000000
000000000000000000000000000000000000000000000000000000000000000000000000000000000000000000000000000000000000000000000000000000000000000000000000000000000000000000000000000000000000000000000000000000000000000000000000000000000000
000000000000000000000000000000000000000000000000000000000000000000000000000000000000000000000000000000000000000000000000000000000000000000000000000000000000000000000000000000000000000000000000000000000000000000000000000000000000
000000000000000000000000000000000000000000000000000000000000000000000000000000000000000000000000000000000000000000000000000000000000000000000000000000000000000000000000000000000000000000000000000000000000000000000000000000000000
000000000000000000000000000000000000000000000000000000000000000000000000000000000000000000000000000000000000000000000000000000000000000000000000000000000000000000000000000000000000000000000000000000000000000000000000000000000000
000000000000000000000000000000000000000000000000000000000000000000000000000000000000000000000000000000000000000000000000000000000000000000000000000000000000000000000000000000000000000000000000000000000000000000000000000000000000
000000000000000000000000000000000000000000000000000000000000000000000000000000000000000000000000000000000000000000000000000000000000000000000000000000000000000000000000000000000000000000000000000000000000000000000000000000000000
000000000000000000000000000000000000000000000000000000000000000000000000000000000000000000000000000000000000000000000000000000000000000000000000000000000000000000000000000000000000000000000000000000000000000000000000000000000000
000000000000000000000000000000000000000000000000000000000000000000000000000000000000000000000000000000000000000000000000000000000000000000000000000000000000000000000000000000000000000000000000000000000000000000000000000000000000
000000000000000000000000000000000000000000000000000000000000000000000000000000000000000000000000000000000000000000000000000000000000000000000000000000000000000000000000000000000000000000000000000000000000000000000000000000000000
000000000000000000000000000000000000000000000000000000000000000000000000000000000000000000000000000000000000000000000000000000000000000000000000000000000000000000000000000000000000000000000000000000000000000000000000000000000000
