000000000000000000000000000000000000000000000000000000000000000000000000000000000000000000000000000000000000000000000000000000000000000000000000000000000000000000000000000000000000000000000000000000000000000000000000000000000000
000000000000000000000000000000000000000000000000000000000000000000000000000000000000000000000000000000000000000000000000000000000000000000000000000000000000000000000000000000000000000000000000000000000000000000000000000000000000
000000000000000000000000000000000000000000000000000000000000000000000000000000000000000000000000000000000000000000000000000000000000000000000000000000000000000000000000000000000000000000000000000000000000000000000000000000000000
000000000000000000000000000000000000000000000000000000000000000000000000000000000000000000000000000000000000000000000000000000000000000000000000000000000000000000000000000000000000000000000000000000000000000000000000000000000000
000000000000000000000000000000000000000000000000000000000000000000000000000000000000000000000000000000000000000000000000000000000000000000000000000000000000000000000000000000000000000000000000000000000000000000000000000000000000
000000000000000000000000000000000000000000000000000000000000000000000000000000000000000000000000000000000000000000000000000000000000000000000000000000000000000000000000000000000000000000000000000000000000000000000000000000000000
000000000000000000000000000000000000000000000000000000000000000000000000000000000000000000000000000000000000000000000000000000000000000000000000000000000000000000000000000000000000000000000000000000000000000000000000000000000000
000000000000000000000000000000000000000000000000000000000000000000000000000000000000000000000000000000000000000000000000000000000000000000000000000000000000000000000000000000000000000000000000000000000000000000000000000000000000
000000000000000000000000000000000000000000000000000000000000000000000000000000000000000000000000000000000000000000000000000000000000000000000000000000000000000000000000000000000000000000000000000000000000000000000000000000000000
000000000000000000000000000000000000000000000000000000000000000000000000000000000000000000000000000000000000000000000000000000000000000000000000000000000000000000000000000000000000000000000000000000000000000000000000000000000000
000000000000000000000000000000000000000000000000000000000000000000000000000000000000000000000000000000000000000000000000000000000000000000000000000000000000000000000000000000000000000000000000000000000000000000000000000000000000
000000000000000000000000000000000000000000000000000000000000000000000000000000000000000000000000000000000000000000000000000000000000000000000000000000000000000000000000000000000000000000000000000000000000000000000000000000000000
000000000000000000000000000000000000000000000000000000000000000000000000000000000000000000000000000000000000000000000000000000000000000000000000000000000000000000000000000000000000000000000000000000000000000000000000000000000000
000000000000000000000000000000000000000000000000000000000000000000000000000000000000000000000000000000000000000000000000000000000000000000000000000000000000000000000000000000000000000000000000000000000000000000000000000000000000
000000000000000000000000000000000000000000000000000000000000000000000000000000000000000000000000000000000000000000000000000000000000000000000000000000000000000000000000000000000000000000000000000000000000000000000000000000000000
000000000000000000000000000000000000000000000000000000000000000000000000000000000000000000000000000000000000000000000000000000000000000000000000000000000000000000000000000000000000000000000000000000000000000000000000000000000000
000000000000000000000000000000000000000000000000000000000000000000000000000000000000000000000000000000000000000000000000000000000000000000000000000000000000000000000000000000000000000000000000000000000000000000000000000000000000
000000000000000000000000000000000000000000000000000000000000000000000000000000000000000000000000000000000000000000000000000000000000000000000000000000000000000000000000000000000000000000000000000000000000000000000000000000000000
111111111111111111111111111111111111111111111111111111100000000000000000000000211111112111111121111111211111112111111121111111211111112111111121111111200000000000000000000000111111111111111111111111111111111111111111111111111111
000000000000000000000000000000000000000000000000000000100000000000000000000000100000000000000000000000000000000000000000000000000000000000000000000000100000000000000000000000100000000000000000000000000000000000000000000000000000
000000000000000000000000000000000000000000000000000000100000000000000000000000100000000000000000000000000000000000000000000000000000000000000000000000100000000000000000000000100000000000000000000000000000000000000000000000000000
000000000000000000000000000000000000000000000000000000100000000000000000000000100000000000000000000000000000000000000000000000000000000000000000000000100000000000000000000000100000000000000000000000000000000000000000000000000000
000000000000000000000000000000000000000000000000000000100000000000000000000000100000000000000000000000000000000000000000000000000000000000000000000000100000000000000000000000100000000000000000000000000000000000000000000000000000
000000000000000000000000000000000000000000000000000000100000000000000000000000100000000000000000000000000000000000000000000000000000000000000000000000100000000000000000000000100000000000000000000000000000000000000000000000000000
000000000000000000000000000000000000000000000000000000100000000000000000000000100000000000000000000000000000000000000000000000000000000000000000000000100000000000000000000000100000000000000000000000000000000000000000000000000000
000000000000000000000000000000000000000000000000000000100000000000000000000000100000000000000000000000000000000000000000000000000000000000000000000000100000000000000000000000100000000000000000000000000000000000000000000000000000
000000000000000000000000000000000000000000000000000000100000000000000000000000200000000000000000000000000000000000000000000000000000000000000000000000200000000000000000000000100000000000000000000000000000000000000000000000000000
000000000000000000000000000000000000000000000000000000100000000000000000000000100000000000000000000000000000000000000000000000000000000000000000000000100000000000000000000000100000000000000000000000000000000000000000000000000000
000000000000000000000000000000000000000000000000000000100000000000000000000000100000000000000000000000000000000000000000000000000000000000000000000000100000000000000000000000100000000000000000000000000000000000000000000000000000
000000000000000000000000000000000000000000000000000000100000000000000000000000100000000000000000000000000000000000000000000000000000000000000000000000100000000000000000000000100000000000000000000000000000000000000000000000000000
000000000000000000000000000000000000000000000000000000100000000000000000000000100000000000000000000000000000000000000000000000000000000000000000000000100000000000000000000000100000000000000000000000000000000000000000000000000000
000000000000000000000000000000000000000000000000000000100000000000000000000000100000000000000000000000000000000000000000000000000000000000000000000000100000000000000000000000100000000000000000000000000000000000000000000000000000
000000000000000000000000000000000000000000000000000000100000000000000000000000100000000000000000000000000000000000000000000000000000000000000000000000100000000000000000000000100000000000000000000000000000000000000000000000000000
000000000000000000000000000000000000000000000000000000100000000000000000000000100000000000000000000000000000000000000000000000000000000000000000000000100000000000000000000000100000000000000000000000000000000000000000000000000000
000000000000000000000000000000000000000000000000000000100000000000000000000000200000000000000000000000000000000000000000000000000000000000000000000000200000000000000000000000100000000000000000000000000000000000000000000000000000
000000000000000000000000000000000000000000000000000000100000000000000000000000100000000000000000000000000000000000000000000000000000000000000000000000100000000000000000000000100000000000000000000000000000000000000000000000000000
000000000000000000000000000000000000000000000000000000100000000000000000000000100000000000000000000000000000000000000000000000000000000000000000000000100000000000000000000000100000000000000000000000000000000000000000000000000000
000000000000000000000000000000000000000000000000000000100000000000000000000000100000000000000000000000000000000000000000000000000000000000000000000000100000000000000000000000100000000000000000000000000000000000000000000000000000
000000000000000000000000000000000000000000000000000000100000000000000000000000100000000000000000000000000000000000000000000000000000000000000000000000100000000000000000000000100000000000000000000000000000000000000000000000000000
000000000000000000000000000000000000000000000000000000100000000000000000000000100000000000000000000000000000000000000000000000000000000000000000000000100000000000000000000000100000000000000000000000000000000000000000000000000000
000000000000000000000000000000000000000000000000000000100000000000000000000000100000000000000000000000000000000000000000000000000000000000000000000000100000000000000000000000100000000000000000000000000000000000000000000000000000
000000000000000000000000000000000000000000000000000000100000000000000000000000100000000000000000000000000000000000000000000000000000000000000000000000100000000000000000000000100000000000000000000000000000000000000000000000000000
000000000000003111111121111111211111112111111121111111211111112111111121111111211111112111111121111111200000000000000000000000211111112111111121111111211111112111111121111111211111112111111121111111211111112111111130000000000000
000000000000001000000000000000000000000000000000000000000000000000000000000000100000000000000000000000100000000000000000000000100000000000000000000000100000000000000000000000000000000000000000000000000000000000000010000000000000
000000000000001000000000000000000000000000000000000000000000000000000000000000100000000000000000000000100000000000000000000000100000000000000000000000100000000000000000000000000000000000000000000000000000000000000010000000000000
000000000000001000000000000000000000000000000000000000000000000000000000000000100000000000000000000000100000000000000000000000100000000000000000000000100000000000000000000000000000000000000000000000000000000000000010000000000000
000000000000001000000000000000000000000000000000000000000000000000000000000000100000000000000000000000100000000000000000000000100000000000000000000000100000000000000000000000000000000000000000000000000000000000000010000000000000
000000000000001000000000000000000000000000000000000000000000000000000000000000100000000000000000000000100000000000000000000000100000000000000000000000100000000000000000000000000000000000000000000000000000000000000010000000000000
000000000000001000000000000000000000000000000000000000000000000000000000000000100000000000000000000000100000000000000000000000100000000000000000000000100000000000000000000000000000000000000000000000000000000000000010000000000000
000000000000001000000000000000000000000000000000000000000000000000000000000000100000000000000000000000100000000000000000000000100000000000000000000000100000000000000000000000000000000000000000000000000000000000000010000000000000
000000000000002000000000000000000000000000000000000000000000000000000000000000200000000000000000000000200000000000000000000000200000000000000000000000200000000000000000000000000000000000000000000000000000000000000020000000000000
000000000000001000000000000000000000000000000000000000000000000000000000000000100000000000000000000000100000000000000000000000100000000000000000000000100000000000000000000000000000000000000000000000000000000000000010000000000000
000000000000001000000000000000000000000000000000000000000000000000000000000000100000000000000000000000100000000000000000000000100000000000000000000000100000000000000000000000000000000000000000000000000000000000000010000000000000
000000000000001000000000000000000000000000000000000000000000000000000000000000100000000000000000000000100000000000000000000000100000000000000000000000100000000000000000000000000000000000000000000000000000000000000010000000000000
000000000000001000000000000000000000000000000000000000000000000000000000000000100000000000000000000000100000000000000000000000100000000000000000000000100000000000000000000000000000000000000000000000000000000000000010000000000000
000000000000001000000000000000000000000000000000000000000000000000000000000000100000000000000000000000100000000000000000000000100000000000000000000000100000000000000000000000000000000000000000000000000000000000000010000000000000
000000000000001000000000000000000000000000000000000000000000000000000000000000100000000000000000000000100000000000000000000000100000000000000000000000100000000000000000000000000000000000000000000000000000000000000010000000000000
000000000000001000000000000000000000000000000000000000000000000000000000000000100000000000000000000000100000000000000000000000100000000000000000000000100000000000000000000000000000000000000000000000000000000000000010000000000000
000000000000002000000000000000000000000000000000000000000000000000000000000000200000000000000000000000200000000000000000000000200000000000000000000000200000000000000000000000000000000000000000000000000000000000000020000000000000
000000000000001000000000000000000000000000000000000000000000000000000000000000100000000000000000000000100000000000000000000000100000000000000000000000100000000000000000000000000000000000000000000000000000000000000010000000000000
000000000000001000000000000000000000000000000000000000000000000000000000000000100000000000000000000000100000000000000000000000100000000000000000000000100000000000000000000000000000000000000000000000000000000000000010000000000000
000000000000001000000000000000000000000000000000000000000000000000000000000000100000000000000000000000100000000000000000000000100000000000000000000000100000000000000000000000000000000000000000000000000000000000000010000000000000
000000000000001000000000000000000000000000000000000000000000000000000000000000100000000000000000000000100000000000000000000000100000000000000000000000100000000000000000000000000000000000000000000000000000000000000010000000000000
000000000000001000000000000000000000000000000000000000000000000000000000000000100000000000000000000000100000000000000000000000100000000000000000000000100000000000000000000000000000000000000000000000000000000000000010000000000000
000000000000001000000000000000000000000000000000000000000000000000000000000000100000000000000000000000100000000000000000000000100000000000000000000000100000000000000000000000000000000000000000000000000000000000000010000000000000
000000000000001000000000000000000000000000000000000000000000000000000000000000100000000000000000000000100000000000000000000000100000000000000000000000100000000000000000000000000000000000000000000000000000000000000010000000000000
000000000000002000000000000000000000002111111121111111211111112111111121111111200000000000000000000000200000000000000000000000200000000000000000000000211111112111111121111111211111112111111120000000000000000000000020000000000000
000000000000001000000000000000000000001000000000000000000000000000000000000000100000000000000000000000100000000000000000000000100000000000000000000000100000000000000000000000000000000000000010000000000000000000000010000000000000
000000000000001000000000000000000000001000000000000000000000000000000000000000100000000000000000000000100000000000000000000000100000000000000000000000100000000000000000000000000000000000000010000000000000000000000010000000000000
000000000000001000000000000000000000001000000000000000000000000000000000000000100000000000000000000000100000000000000000000000100000000000000000000000100000000000000000000000000000000000000010000000000000000000000010000000000000
000000000000001000000000000000000000001000000000000000000000000000000000000000100000000000000000000000100000000000000000000000100000000000000000000000100000000000000000000000000000000000000010000000000000000000000010000000000000
000000000000001000000000000000000000001000000000000000000000000000000000000000100000000000000000000000100000000000000000000000100000000000000000000000100000000000000000000000000000000000000010000000000000000000000010000000000000
000000000000001000000000000000000000001000000000000000000000000000000000000000100000000000000000000000100000000000000000000000100000000000000000000000100000000000000000000000000000000000000010000000000000000000000010000000000000
000000000000001000000000000000000000001000000000000000000000000000000000000000100000000000000000000000100000000000000000000000100000000000000000000000100000000000000000000000000000000000000010000000000000000000000010000000000000
000000000000002000000000000000000000002000000000000000000000000000000000000000100000000000000000000000211111112111111121111111200000000000000000000000100000000000000000000000000000000000000020000000000000000000000020000000000000
000000000000001000000000000000000000001000000000000000000000000000000000000000100000000000000000000000000000000000000000000000000000000000000000000000100000000000000000000000000000000000000010000000000000000000000010000000000000
000000000000001000000000000000000000001000000000000000000000000000000000000000100000000000000000000000000000000000000000000000000000000000000000000000100000000000000000000000000000000000000010000000000000000000000010000000000000
000000000000001000000000000000000000001000000000000000000000000000000000000000100000000000000000000000000000000000000000000000000000000000000000000000100000000000000000000000000000000000000010000000000000000000000010000000000000
000000000000001000000000000000000000001000000000000000000000000000000000000000100000000000000000000000000000000000000000000000000000000000000000000000100000000000000000000000000000000000000010000000000000000000000010000000000000
000000000000001000000000000000000000001000000000000000000000000000000000000000100000000000000000000000000000000000000000000000000000000000000000000000100000000000000000000000000000000000000010000000000000000000000010000000000000
000000000000001000000000000000000000001000000000000000000000000000000000000000100000000000000000000000000000000000000000000000000000000000000000000000100000000000000000000000000000000000000010000000000000000000000010000000000000
000000000000001000000000000000000000001000000000000000000000000000000000000000100000000000000000000000000000000000000000000000000000000000000000000000100000000000000000000000000000000000000010000000000000000000000010000000000000
000000000000002000000000000000000000002000000000000000000000000000000000000000100000000000000000000000000000000000000000000000000000000000000000000000100000000000000000000000000000000000000020000000000000000000000020000000000000
000000000000001000000000000000000000001000000000000000000000000000000000000000100000000000000000000000000000000000000000000000000000000000000000000000100000000000000000000000000000000000000010000000000000000000000010000000000000
000000000000001000000000000000000000001000000000000000000000000000000000000000100000000000000000000000000000000000000000000000000000000000000000000000100000000000000000000000000000000000000010000000000000000000000010000000000000
000000000000001000000000000000000000001000000000000000000000000000000000000000100000000000000000000000000000000000000000000000000000000000000000000000100000000000000000000000000000000000000010000000000000000000000010000000000000
000000000000001000000000000000000000001000000000000000000000000000000000000000100000000000000000000000000000000000000000000000000000000000000000000000100000000000000000000000000000000000000010000000000000000000000010000000000000
000000000000001000000000000000000000001000000000000000000000000000000000000000100000000000000000000000000000000000000000000000000000000000000000000000100000000000000000000000000000000000000010000000000000000000000010000000000000
000000000000001000000000000000000000001000000000000000000000000000000000000000100000000000000000000000000000000000000000000000000000000000000000000000100000000000000000000000000000000000000010000000000000000000000010000000000000
000000000000001000000000000000000000001000000000000000000000000000000000000000100000000000000000000000000000000000000000000000000000000000000000000000100000000000000000000000000000000000000010000000000000000000000010000000000000
000000000000002111111121111111211111112111111121111111200000000000000000000000100000000000000000000000000000000000000000000000000000000000000000000000100000000000000000000000211111112111111121111111211111112111111120000000000000
000000000000000000000000000000000000000000000000000000100000000000000000000000100000000000000000000000000000000000000000000000000000000000000000000000100000000000000000000000100000000000000000000000000000000000000000000000000000
000000000000000000000000000000000000000000000000000000100000000000000000000000100000000000000000000000000000000000000000000000000000000000000000000000100000000000000000000000100000000000000000000000000000000000000000000000000000
000000000000000000000000000000000000000000000000000000100000000000000000000000100000000000000000000000000000000000000000000000000000000000000000000000100000000000000000000000100000000000000000000000000000000000000000000000000000
000000000000000000000000000000000000000000000000000000100000000000000000000000100000000000000000000000000000000000000000000000000000000000000000000000100000000000000000000000100000000000000000000000000000000000000000000000000000
000000000000000000000000000000000000000000000000000000100000000000000000000000100000000000000000000000000000000000000000000000000000000000000000000000100000000000000000000000100000000000000000000000000000000000000000000000000000
000000000000000000000000000000000000000000000000000000100000000000000000000000100000000000000000000000000000000000000000000000000000000000000000000000100000000000000000000000100000000000000000000000000000000000000000000000000000
000000000000000000000000000000000000000000000000000000100000000000000000000000100000000000000000000000000000000000000000000000000000000000000000000000100000000000000000000000100000000000000000000000000000000000000000000000000000
000000000000000000000000000000000000000000000000000000200000000000000000000000111111111111111111111111111111111111411111111111111111111111111111111111100000000000000000000000200000000000000000000000000000000000000000000000000000
000000000000000000000000000000000000000000000000000000100000000000000000000000100000000000000000000000000000000000000000000000000000000000000000000000100000000000000000000000100000000000000000000000000000000000000000000000000000
000000000000000000000000000000000000000000000000000000100000000000000000000000100000000000000000000000000000000000000000000000000000000000000000000000100000000000000000000000100000000000000000000000000000000000000000000000000000
000000000000000000000000000000000000000000000000000000100000000000000000000000100000000000000000000000000000000000000000000000000000000000000000000000100000000000000000000000100000000000000000000000000000000000000000000000000000
000000000000000000000000000000000000000000000000000000100000000000000000000000100000000000000000000000000000000000000000000000000000000000000000000000100000000000000000000000100000000000000000000000000000000000000000000000000000
000000000000000000000000000000000000000000000000000000100000000000000000000000100000000000000000000000000000000000000000000000000000000000000000000000100000000000000000000000100000000000000000000000000000000000000000000000000000
000000000000000000000000000000000000000000000000000000100000000000000000000000100000000000000000000000000000000000000000000000000000000000000000000000100000000000000000000000100000000000000000000000000000000000000000000000000000
000000000000000000000000000000000000000000000000000000100000000000000000000000100000000000000000000000000000000000000000000000000000000000000000000000100000000000000000000000100000000000000000000000000000000000000000000000000000
000000000000000000000000000000000000000000000000000000200000000000000000000000100000000000000000000000000000000000000000000000000000000000000000000000100000000000000000000000200000000000000000000000000000000000000000000000000000
000000000000000000000000000000000000000000000000000000100000000000000000000000100000000000000000000000000000000000000000000000000000000000000000000000100000000000000000000000100000000000000000000000000000000000000000000000000000
000000000000000000000000000000000000000000000000000000100000000000000000000000100000000000000000000000000000000000000000000000000000000000000000000000100000000000000000000000100000000000000000000000000000000000000000000000000000
000000000000000000000000000000000000000000000000000000100000000000000000000000100000000000000000000000000000000000000000000000000000000000000000000000100000000000000000000000100000000000000000000000000000000000000000000000000000
000000000000000000000000000000000000000000000000000000100000000000000000000000100000000000000000000000000000000000000000000000000000000000000000000000100000000000000000000000100000000000000000000000000000000000000000000000000000
000000000000000000000000000000000000000000000000000000100000000000000000000000100000000000000000000000000000000000000000000000000000000000000000000000100000000000000000000000100000000000000000000000000000000000000000000000000000
000000000000000000000000000000000000000000000000000000100000000000000000000000100000000000000000000000000000000000000000000000000000000000000000000000100000000000000000000000100000000000000000000000000000000000000000000000000000
000000000000000000000000000000000000000000000000000000100000000000000000000000100000000000000000000000000000000000000000000000000000000000000000000000100000000000000000000000100000000000000000000000000000000000000000000000000000
000000000000002111111121111111211111112111111121111111200000000000000000000000100000000000000000000000000000000000000000000000000000000000000000000000100000000000000000000000211111112111111121111111211111112111111120000000000000
000000000000001000000000000000000000000000000000000000100000000000000000000000100000000000000000000000000000000000000000000000000000000000000000000000100000000000000000000000100000000000000000000000000000000000000010000000000000
000000000000001000000000000000000000000000000000000000100000000000000000000000100000000000000000000000000000000000000000000000000000000000000000000000100000000000000000000000100000000000000000000000000000000000000010000000000000
000000000000001000000000000000000000000000000000000000100000000000000000000000100000000000000000000000000000000000000000000000000000000000000000000000100000000000000000000000100000000000000000000000000000000000000010000000000000
000000000000001000000000000000000000000000000000000000100000000000000000000000100000000000000000000000000000000000000000000000000000000000000000000000100000000000000000000000100000000000000000000000000000000000000010000000000000
000000000000001000000000000000000000000000000000000000100000000000000000000000100000000000000000000000000000000000000000000000000000000000000000000000100000000000000000000000100000000000000000000000000000000000000010000000000000
000000000000001000000000000000000000000000000000000000100000000000000000000000100000000000000000000000000000000000000000000000000000000000000000000000100000000000000000000000100000000000000000000000000000000000000010000000000000
000000000000001000000000000000000000000000000000000000100000000000000000000000100000000000000000000000000000000000000000000000000000000000000000000000100000000000000000000000100000000000000000000000000000000000000010000000000000
000000000000002000000000000000000000000000000000000000200000000000000000000000100000000000000000000000000000000000000000000000000000000000000000000000100000000000000000000000200000000000000000000000000000000000000020000000000000
000000000000001000000000000000000000000000000000000000100000000000000000000000100000000000000000000000000000000000000000000000000000000000000000000000100000000000000000000000100000000000000000000000000000000000000010000000000000
000000000000001000000000000000000000000000000000000000100000000000000000000000100000000000000000000000000000000000000000000000000000000000000000000000100000000000000000000000100000000000000000000000000000000000000010000000000000
000000000000001000000000000000000000000000000000000000100000000000000000000000100000000000000000000000000000000000000000000000000000000000000000000000100000000000000000000000100000000000000000000000000000000000000010000000000000
000000000000001000000000000000000000000000000000000000100000000000000000000000100000000000000000000000000000000000000000000000000000000000000000000000100000000000000000000000100000000000000000000000000000000000000010000000000000
000000000000001000000000000000000000000000000000000000100000000000000000000000100000000000000000000000000000000000000000000000000000000000000000000000100000000000000000000000100000000000000000000000000000000000000010000000000000
000000000000001000000000000000000000000000000000000000100000000000000000000000100000000000000000000000000000000000000000000000000000000000000000000000100000000000000000000000100000000000000000000000000000000000000010000000000000
000000000000001000000000000000000000000000000000000000100000000000000000000000100000000000000000000000000000000000000000000000000000000000000000000000100000000000000000000000100000000000000000000000000000000000000010000000000000
00000000000000200000000000000000000000000000000000000021111111111111111111111110000000000000000000000000000000000000000000000000000000000000000000000011111111l111111111111111200000000000000000000000000000000000000020000000000000
000000000000001000000000000000000000000000000000000000100000000000000000000000100000000000000000000000000000000000000000000000000000000000000000000000100000000000000000000000100000000000000000000000000000000000000010000000000000
000000000000001000000000000000000000000000000000000000100000000000000000000000100000000000000000000000000000000000000000000000000000000000000000000000100000000000000000000000100000000000000000000000000000000000000010000000000000
000000000000001000000000000000000000000000000000000000100000000000000000000000100000000000000000000000000000000000000000000000000000000000000000000000100000000000000000000000100000000000000000000000000000000000000010000000000000
000000000000001000000000000000000000000000000000000000100000000000000000000000100000000000000000000000000000000000000000000000000000000000000000000000100000000000000000000000100000000000000000000000000000000000000010000000000000
000000000000001000000000000000000000000000000000000000100000000000000000000000100000000000000000000000000000000000000000000000000000000000000000000000100000000000000000000000100000000000000000000000000000000000000010000000000000
000000000000001000000000000000000000000000000000000000100000000000000000000000100000000000000000000000000000000000000000000000000000000000000000000000100000000000000000000000100000000000000000000000000000000000000010000000000000
000000000000001000000000000000000000000000000000000000100000000000000000000000100000000000000000000000000000000000000000000000000000000000000000000000100000000000000000000000100000000000000000000000000000000000000010000000000000
000000000000002111111121111111200000000000000000000000200000000000000000000000100000000000000000000000000000000000000000000000000000000000000000000000100000000000000000000000200000000000000000000000211111112111111120000000000000
000000000000000000000000000000100000000000000000000000100000000000000000000000100000000000000000000000000000000000000000000000000000000000000000000000100000000000000000000000100000000000000000000000100000000000000000000000000000
000000000000000000000000000000100000000000000000000000100000000000000000000000100000000000000000000000000000000000000000000000000000000000000000000000100000000000000000000000100000000000000000000000100000000000000000000000000000
000000000000000000000000000000100000000000000000000000100000000000000000000000100000000000000000000000000000000000000000000000000000000000000000000000100000000000000000000000100000000000000000000000100000000000000000000000000000
000000000000000000000000000000100000000000000000000000100000000000000000000000100000000000000000000000000000000000000000000000000000000000000000000000100000000000000000000000100000000000000000000000100000000000000000000000000000
000000000000000000000000000000100000000000000000000000100000000000000000000000100000000000000000000000000000000000000000000000000000000000000000000000100000000000000000000000100000000000000000000000100000000000000000000000000000
000000000000000000000000000000100000000000000000000000100000000000000000000000100000000000000000000000000000000000000000000000000000000000000000000000100000000000000000000000100000000000000000000000100000000000000000000000000000
000000000000000000000000000000100000000000000000000000100000000000000000000000100000000000000000000000000000000000000000000000000000000000000000000000100000000000000000000000100000000000000000000000100000000000000000000000000000
000000000000000000000000000000200000000000000000000000200000000000000000000000111111111111111111111111111111111111111111111111111111111111111111111111100000000000000000000000200000000000000000000000200000000000000000000000000000
000000000000000000000000000000100000000000000000000000100000000000000000000000000000000000000010000000000000000000000000000000000000001000000000000000000000000000000000000000100000000000000000000000100000000000000000000000000000
000000000000000000000000000000100000000000000000000000100000000000000000000000000000000000000010000000000000000000000000000000000000001000000000000000000000000000000000000000100000000000000000000000100000000000000000000000000000
000000000000000000000000000000100000000000000000000000100000000000000000000000000000000000000010000000000000000000000000000000000000001000000000000000000000000000000000000000100000000000000000000000100000000000000000000000000000
000000000000000000000000000000100000000000000000000000100000000000000000000000000000000000000010000000000000000000000000000000000000001000000000000000000000000000000000000000100000000000000000000000100000000000000000000000000000
000000000000000000000000000000100000000000000000000000100000000000000000000000000000000000000010000000000000000000000000000000000000001000000000000000000000000000000000000000100000000000000000000000100000000000000000000000000000
000000000000000000000000000000100000000000000000000000100000000000000000000000000000000000000010000000000000000000000000000000000000001000000000000000000000000000000000000000100000000000000000000000100000000000000000000000000000
000000000000000000000000000000100000000000000000000000100000000000000000000000000000000000000010000000000000000000000000000000000000001000000000000000000000000000000000000000100000000000000000000000100000000000000000000000000000
000000000000000000000000000000200000000000000000000000200000000000000000000000000000000000000010000000000000000000000000000000000000001000000000000000000000000000000000000000200000000000000000000000200000000000000000000000000000
000000000000000000000000000000100000000000000000000000100000000000000000000000000000000000000010000000000000000000000000000000000000001000000000000000000000000000000000000000100000000000000000000000100000000000000000000000000000
000000000000000000000000000000100000000000000000000000100000000000000000000000000000000000000010000000000000000000000000000000000000001000000000000000000000000000000000000000100000000000000000000000100000000000000000000000000000
000000000000000000000000000000100000000000000000000000100000000000000000000000000000000000000010000000000000000000000000000000000000001000000000000000000000000000000000000000100000000000000000000000100000000000000000000000000000
000000000000000000000000000000100000000000000000000000100000000000000000000000000000000000000010000000000000000000000000000000000000001000000000000000000000000000000000000000100000000000000000000000100000000000000000000000000000
000000000000000000000000000000100000000000000000000000100000000000000000000000000000000000000010000000000000000000000000000000000000001000000000000000000000000000000000000000100000000000000000000000100000000000000000000000000000
000000000000000000000000000000100000000000000000000000100000000000000000000000000000000000000010000000000000000000000000000000000000001000000000000000000000000000000000000000100000000000000000000000100000000000000000000000000000
000000000000000000000000000000100000000000000000000000100000000000000000000000000000000000000010000000000000000000000000000000000000001000000000000000000000000000000000000000100000000000000000000000100000000000000000000000000000
000000000000000000000000000000200000000000000000000000200000000000000000000000000000000000000010000000000000000000000000000000000000001000000000000000000000000000000000000000200000000000000000000000200000000000000000000000000000
000000000000000000000000000000100000000000000000000000100000000000000000000000000000000000000010000000000000000000000000000000000000001000000000000000000000000000000000000000100000000000000000000000100000000000000000000000000000
000000000000000000000000000000100000000000000000000000100000000000000000000000000000000000000010000000000000000000000000000000000000001000000000000000000000000000000000000000100000000000000000000000100000000000000000000000000000
000000000000000000000000000000100000000000000000000000100000000000000000000000000000000000000010000000000000000000000000000000000000001000000000000000000000000000000000000000100000000000000000000000100000000000000000000000000000
000000000000000000000000000000100000000000000000000000100000000000000000000000000000000000000010000000000000000000000000000000000000001000000000000000000000000000000000000000100000000000000000000000100000000000000000000000000000
000000000000000000000000000000100000000000000000000000100000000000000000000000000000000000000010000000000000000000000000000000000000001000000000000000000000000000000000000000100000000000000000000000100000000000000000000000000000
000000000000000000000000000000100000000000000000000000100000000000000000000000000000000000000010000000000000000000000000000000000000001000000000000000000000000000000000000000100000000000000000000000100000000000000000000000000000
000000000000000000000000000000100000000000000000000000100000000000000000000000000000000000000010000000000000000000000000000000000000001000000000000000000000000000000000000000100000000000000000000000100000000000000000000000000000
000000000000000000000000000000211111112111111121111111211111112111111121111111211111112111111120000000000000000000000000000000000000002111111121111111211111112111111121111111211111112111111121111111200000000000000000000000000000
000000000000000000000000000000100000000000000000000000000000000000000000000000000000000000000010000000000000000000000000000000000000001000000000000000000000000000000000000000000000000000000000000000100000000000000000000000000000
000000000000000000000000000000100000000000000000000000000000000000000000000000000000000000000010000000000000000000000000000000000000001000000000000000000000000000000000000000000000000000000000000000100000000000000000000000000000
000000000000000000000000000000100000000000000000000000000000000000000000000000000000000000000010000000000000000000000000000000000000001000000000000000000000000000000000000000000000000000000000000000100000000000000000000000000000
000000000000000000000000000000100000000000000000000000000000000000000000000000000000000000000010000000000000000000000000000000000000001000000000000000000000000000000000000000000000000000000000000000100000000000000000000000000000
000000000000000000000000000000100000000000000000000000000000000000000000000000000000000000000010000000000000000000000000000000000000001000000000000000000000000000000000000000000000000000000000000000100000000000000000000000000000
000000000000000000000000000000100000000000000000000000000000000000000000000000000000000000000010000000000000000000000000000000000000001000000000000000000000000000000000000000000000000000000000000000100000000000000000000000000000
000000000000000000000000000000100000000000000000000000000000000000000000000000000000000000000010000000000000000000000000000000000000001000000000000000000000000000000000000000000000000000000000000000100000000000000000000000000000
000000000000000000000000000000200000000000000000000000000000000000000000000000000000000000000020000000000000000000000000000000000000002000000000000000000000000000000000000000000000000000000000000000200000000000000000000000000000
000000000000000000000000000000100000000000000000000000000000000000000000000000000000000000000010000000000000000000000000000000000000001000000000000000000000000000000000000000000000000000000000000000100000000000000000000000000000
000000000000000000000000000000100000000000000000000000000000000000000000000000000000000000000010000000000000000000000000000000000000001000000000000000000000000000000000000000000000000000000000000000100000000000000000000000000000
000000000000000000000000000000100000000000000000000000000000000000000000000000000000000000000010000000000000000000000000000000000000001000000000000000000000000000000000000000000000000000000000000000100000000000000000000000000000
000000000000000000000000000000100000000000000000000000000000000000000000000000000000000000000010000000000000000000000000000000000000001000000000000000000000000000000000000000000000000000000000000000100000000000000000000000000000
000000000000000000000000000000100000000000000000000000000000000000000000000000000000000000000010000000000000000000000000000000000000001000000000000000000000000000000000000000000000000000000000000000100000000000000000000000000000
000000000000000000000000000000100000000000000000000000000000000000000000000000000000000000000010000000000000000000000000000000000000001000000000000000000000000000000000000000000000000000000000000000100000000000000000000000000000
000000000000000000000000000000100000000000000000000000000000000000000000000000000000000000000010000000000000000000000000000000000000001000000000000000000000000000000000000000000000000000000000000000100000000000000000000000000000
000000000000000000000000000000200000000000000000000000000000000000000000000000000000000000000020000000000000000000000000000000000000002000000000000000000000000000000000000000000000000000000000000000200000000000000000000000000000
000000000000000000000000000000100000000000000000000000000000000000000000000000000000000000000010000000000000000000000000000000000000001000000000000000000000000000000000000000000000000000000000000000100000000000000000000000000000
000000000000000000000000000000100000000000000000000000000000000000000000000000000000000000000010000000000000000000000000000000000000001000000000000000000000000000000000000000000000000000000000000000100000000000000000000000000000
000000000000000000000000000000100000000000000000000000000000000000000000000000000000000000000010000000000000000000000000000000000000001000000000000000000000000000000000000000000000000000000000000000100000000000000000000000000000
000000000000000000000000000000100000000000000000000000000000000000000000000000000000000000000010000000000000000000000000000000000000001000000000000000000000000000000000000000000000000000000000000000100000000000000000000000000000
000000000000000000000000000000100000000000000000000000000000000000000000000000000000000000000010000000000000000000000000000000000000001000000000000000000000000000000000000000000000000000000000000000100000000000000000000000000000
000000000000000000000000000000100000000000000000000000000000000000000000000000000000000000000010000000000000000000000000000000000000001000000000000000000000000000000000000000000000000000000000000000100000000000000000000000000000
000000000000000000000000000000100000000000000000000000000000000000000000000000000000000000000010000000000000000000000000000000000000001000000000000000000000000000000000000000000000000000000000000000100000000000000000000000000000
111111111111111111111111111111211111112111111121111111200000000000000000000000211111112111111121111111211111112111111121111111211111112111111121111111200000000000000000000000211111112111111121111111211111111111111111111111111111
000000000000000000000000000000100000000000000000000000100000000000000000000000100000000000000000000000000000000000000000000000000000000000000000000000100000000000000000000000100000000000000000000000100000000000000000000000000000
000000000000000000000000000000100000000000000000000000100000000000000000000000100000000000000000000000000000000000000000000000000000000000000000000000100000000000000000000000100000000000000000000000100000000000000000000000000000
000000000000000000000000000000100000000000000000000000100000000000000000000000100000000000000000000000000000000000000000000000000000000000000000000000100000000000000000000000100000000000000000000000100000000000000000000000000000
000000000000000000000000000000100000000000000000000000100000000000000000000000100000000000000000000000000000000000000000000000000000000000000000000000100000000000000000000000100000000000000000000000100000000000000000000000000000
000000000000000000000000000000100000000000000000000000100000000000000000000000100000000000000000000000000000000000000000000000000000000000000000000000100000000000000000000000100000000000000000000000100000000000000000000000000000
000000000000000000000000000000100000000000000000000000100000000000000000000000100000000000000000000000000000000000000000000000000000000000000000000000100000000000000000000000100000000000000000000000100000000000000000000000000000
000000000000000000000000000000100000000000000000000000100000000000000000000000100000000000000000000000000000000000000000000000000000000000000000000000100000000000000000000000100000000000000000000000100000000000000000000000000000
000000000000000000000000000000200000000000000000000000200000000000000000000000200000000000000000000000000000000000000000000000000000000000000000000000200000000000000000000000200000000000000000000000200000000000000000000000000000
000000000000000000000000000000100000000000000000000000100000000000000000000000100000000000000000000000000000000000000000000000000000000000000000000000100000000000000000000000100000000000000000000000100000000000000000000000000000
000000000000000000000000000000100000000000000000000000100000000000000000000000100000000000000000000000000000000000000000000000000000000000000000000000100000000000000000000000100000000000000000000000100000000000000000000000000000
000000000000000000000000000000100000000000000000000000100000000000000000000000100000000000000000000000000000000000000000000000000000000000000000000000100000000000000000000000100000000000000000000000100000000000000000000000000000
000000000000000000000000000000100000000000000000000000100000000000000000000000100000000000000000000000000000000000000000000000000000000000000000000000100000000000000000000000100000000000000000000000100000000000000000000000000000
000000000000000000000000000000100000000000000000000000100000000000000000000000100000000000000000000000000000000000000000000000000000000000000000000000100000000000000000000000100000000000000000000000100000000000000000000000000000
000000000000000000000000000000100000000000000000000000100000000000000000000000100000000000000000000000000000000000000000000000000000000000000000000000100000000000000000000000100000000000000000000000100000000000000000000000000000
000000000000000000000000000000100000000000000000000000100000000000000000000000100000000000000000000000000000000000000000000000000000000000000000000000100000000000000000000000100000000000000000000000100000000000000000000000000000
000000000000000000000000000000200000000000000000000000200000000000000000000000200000000000000000000000000000000000000000000000000000000000000000000000200000000000000000000000200000000000000000000000200000000000000000000000000000
000000000000000000000000000000100000000000000000000000100000000000000000000000100000000000000000000000000000000000000000000000000000000000000000000000100000000000000000000000100000000000000000000000100000000000000000000000000000
000000000000000000000000000000100000000000000000000000100000000000000000000000100000000000000000000000000000000000000000000000000000000000000000000000100000000000000000000000100000000000000000000000100000000000000000000000000000
000000000000000000000000000000100000000000000000000000100000000000000000000000100000000000000000000000000000000000000000000000000000000000000000000000100000000000000000000000100000000000000000000000100000000000000000000000000000
000000000000000000000000000000100000000000000000000000100000000000000000000000100000000000000000000000000000000000000000000000000000000000000000000000100000000000000000000000100000000000000000000000100000000000000000000000000000
000000000000000000000000000000100000000000000000000000100000000000000000000000100000000000000000000000000000000000000000000000000000000000000000000000100000000000000000000000100000000000000000000000100000000000000000000000000000
000000000000000000000000000000100000000000000000000000100000000000000000000000100000000000000000000000000000000000000000000000000000000000000000000000100000000000000000000000100000000000000000000000100000000000000000000000000000
000000000000000000000000000000100000000000000000000000100000000000000000000000100000000000000000000000000000000000000000000000000000000000000000000000100000000000000000000000100000000000000000000000100000000000000000000000000000
000000000000003111111121111111200000000000000000000000211111112111111121111111211111112111111121111111200000000000000000000000211111112111111121111111211111112111111121111111200000000000000000000000211111112111111130000000000000
000000000000001000000000000000000000000000000000000000100000000000000000000000000000000000000000000000100000000000000000000000100000000000000000000000000000000000000000000000100000000000000000000000000000000000000010000000000000
000000000000001000000000000000000000000000000000000000100000000000000000000000000000000000000000000000100000000000000000000000100000000000000000000000000000000000000000000000100000000000000000000000000000000000000010000000000000
000000000000001000000000000000000000000000000000000000100000000000000000000000000000000000000000000000100000000000000000000000100000000000000000000000000000000000000000000000100000000000000000000000000000000000000010000000000000
000000000000001000000000000000000000000000000000000000100000000000000000000000000000000000000000000000100000000000000000000000100000000000000000000000000000000000000000000000100000000000000000000000000000000000000010000000000000
000000000000001000000000000000000000000000000000000000100000000000000000000000000000000000000000000000100000000000000000000000100000000000000000000000000000000000000000000000100000000000000000000000000000000000000010000000000000
000000000000001000000000000000000000000000000000000000100000000000000000000000000000000000000000000000100000000000000000000000100000000000000000000000000000000000000000000000100000000000000000000000000000000000000010000000000000
000000000000001000000000000000000000000000000000000000100000000000000000000000000000000000000000000000100000000000000000000000100000000000000000000000000000000000000000000000100000000000000000000000000000000000000010000000000000
000000000000002000000000000000000000000000000000000000200000000000000000000000000000000000000000000000200000000000000000000000200000000000000000000000000000000000000000000000200000000000000000000000000000000000000020000000000000
000000000000001000000000000000000000000000000000000000100000000000000000000000000000000000000000000000100000000000000000000000100000000000000000000000000000000000000000000000100000000000000000000000000000000000000010000000000000
000000000000001000000000000000000000000000000000000000100000000000000000000000000000000000000000000000100000000000000000000000100000000000000000000000000000000000000000000000100000000000000000000000000000000000000010000000000000
000000000000001000000000000000000000000000000000000000100000000000000000000000000000000000000000000000100000000000000000000000100000000000000000000000000000000000000000000000100000000000000000000000000000000000000010000000000000
000000000000001000000000000000000000000000000000000000100000000000000000000000000000000000000000000000100000000000000000000000100000000000000000000000000000000000000000000000100000000000000000000000000000000000000010000000000000
000000000000001000000000000000000000000000000000000000100000000000000000000000000000000000000000000000100000000000000000000000100000000000000000000000000000000000000000000000100000000000000000000000000000000000000010000000000000
000000000000001000000000000000000000000000000000000000100000000000000000000000000000000000000000000000100000000000000000000000100000000000000000000000000000000000000000000000100000000000000000000000000000000000000010000000000000
000000000000001000000000000000000000000000000000000000100000000000000000000000000000000000000000000000100000000000000000000000100000000000000000000000000000000000000000000000100000000000000000000000000000000000000010000000000000
000000000000002000000000000000000000000000000000000000200000000000000000000000000000000000000000000000200000000000000000000000200000000000000000000000000000000000000000000000200000000000000000000000000000000000000020000000000000
000000000000001000000000000000000000000000000000000000100000000000000000000000000000000000000000000000100000000000000000000000100000000000000000000000000000000000000000000000100000000000000000000000000000000000000010000000000000
000000000000001000000000000000000000000000000000000000100000000000000000000000000000000000000000000000100000000000000000000000100000000000000000000000000000000000000000000000100000000000000000000000000000000000000010000000000000
000000000000001000000000000000000000000000000000000000100000000000000000000000000000000000000000000000100000000000000000000000100000000000000000000000000000000000000000000000100000000000000000000000000000000000000010000000000000
000000000000001000000000000000000000000000000000000000100000000000000000000000000000000000000000000000100000000000000000000000100000000000000000000000000000000000000000000000100000000000000000000000000000000000000010000000000000
000000000000001000000000000000000000000000000000000000100000000000000000000000000000000000000000000000100000000000000000000000100000000000000000000000000000000000000000000000100000000000000000000000000000000000000010000000000000
000000000000001000000000000000000000000000000000000000100000000000000000000000000000000000000000000000100000000000000000000000100000000000000000000000000000000000000000000000100000000000000000000000000000000000000010000000000000
000000000000001000000000000000000000000000000000000000100000000000000000000000000000000000000000000000100000000000000000000000100000000000000000000000000000000000000000000000100000000000000000000000000000000000000010000000000000
000000000000002111111121111111211111112111111121111111211111112111111121111111211111112111111121111111211111112111111151111111211111112111111121111111211111112111111121111111211111112111111121111111211111112111111120000000000000
000000000000000000000000000000000000000000000000000000000000000000000000000000000000000000000000000000000000000000000000000000000000000000000000000000000000000000000000000000000000000000000000000000000000000000000000000000000000
000000000000000000000000000000000000000000000000000000000000000000000000000000000000000000000000000000000000000000000000000000000000000000000000000000000000000000000000000000000000000000000000000000000000000000000000000000000000
000000000000000000000000000000000000000000000000000000000000000000000000000000000000000000000000000000000000000000000000000000000000000000000000000000000000000000000000000000000000000000000000000000000000000000000000000000000000
000000000000000000000000000000000000000000000000000000000000000000000000000000000000000000000000000000000000000000000000000000000000000000000000000000000000000000000000000000000000000000000000000000000000000000000000000000000000
000000000000000000000000000000000000000000000000000000000000000000000000000000000000000000000000000000000000000000000000000000000000000000000000000000000000000000000000000000000000000000000000000000000000000000000000000000000000
000000000000000000000000000000000000000000000000000000000000000000000000000000000000000000000000000000000000000000000000000000000000000000000000000000000000000000000000000000000000000000000000000000000000000000000000000000000000
000000000000000000000000000000000000000000000000000000000000000000000000000000000000000000000000000000000000000000000000000000000000000000000000000000000000000000000000000000000000000000000000000000000000000000000000000000000000
000000000000000000000000000000000000000000000000000000000000000000000000000000000000000000000000000000000000000000000000000000000000000000000000000000000000000000000000000000000000000000000000000000000000000000000000000000000000
000000000000000000000000000000000000000000000000000000000000000000000000000000000000000000000000000000000000000000000000000000000000000000000000000000000000000000000000000000000000000000000000000000000000000000000000000000000000
000000000000000000000000000000000000000000000000000000000000000000000000000000000000000000000000000000000000000000000000000000000000000000000000000000000000000000000000000000000000000000000000000000000000000000000000000000000000
000000000000000000000000000000000000000000000000000000000000000000000000000000000000000000000000000000000000000000000000000000000000000000000000000000000000000000000000000000000000000000000000000000000000000000000000000000000000
000000000000000000000000000000000000000000000000000000000000000000000000000000000000000000000000000000000000000000000000000000000000000000000000000000000000000000000000000000000000000000000000000000000000000000000000000000000000
000000000000000000000000000000000000000000000000000000000000000000000000000000000000000000000000000000000000000000000000000000000000000000000000000000000000000000000000000000000000000000000000000000000000000000000000000000000000
000000000000000000000000000000000000000000000000000000000000000000000000000000000000000000000000000000000000000000000000000000000000000000000000000000000000000000000000000000000000000000000000000000000000000000000000000000000000
000000000000000000000000000000000000000000000000000000000000000000000000000000000000000000000000000000000000000000000000000000000000000000000000000000000000000000000000000000000000000000000000000000000000000000000000000000000000
000000000000000000000000000000000000000000000000000000000000000000000000000000000000000000000000000000000000000000000000000000000000000000000000000000000000000000000000000000000000000000000000000000000000000000000000000000000000
000000000000000000000000000000000000000000000000000000000000000000000000000000000000000000000000000000000000000000000000000000000000000000000000000000000000000000000000000000000000000000000000000000000000000000000000000000000000
